RJHI	00068596  	SA8580000548608016170879	SAR	20260618	0000000021950,00	20260618	2026061804484401	P000  	01-1716195        
0000000004000,00	SA4480000612608016100323          	w11                                                                                                                                         	RJHI                                                                                                                                        	Payroll                                                                                                                                     	      	0000004000,00	0000000000,00	0000000000,00	0000000000,00	1030388563	2605185232071970	Success 	20260618
0000000001650,00	SA1580000612608018833335          	w1                                                                                                                                          	RJHI                                                                                                                                        	Payroll                                                                                                                                     	      	0000001650,00	0000000000,00	0000000000,00	0000000000,00	2598866172	2605185232071960	Success 	20260618
0000000004000,00	SA8480000521608016525230          	w7                                                                                                                                          	RJHI                                                                                                                                        	Payroll                                                                                                                                     	      	0000004000,00	0000000000,00	0000000000,00	0000000000,00	1084555695	2605185232071966	Success 	20260618
0000000001000,00	SA3480000609608016578960          	w6                                                                                                                                          	RJHI                                                                                                                                        	Payroll                                                                                                                                     	      	0000001000,00	0000000000,00	0000000000,00	0000000000,00	2491477515	2605185232071965	Success 	20260618
0000000002300,00	SA1380000612608016100299          	w8                                                                                                                                          	RJHI                                                                                                                                        	Payroll                                                                                                                                     	      	0000002300,00	0000000000,00	0000000000,00	0000000000,00	2254950724	2605185232071967	Success 	20260618
0000000001600,00	SA8280000501608013619758          	w3                                                                                                                                          	RJHI                                                                                                                                        	Payroll                                                                                                                                     	      	0000001600,00	0000000000,00	0000000000,00	0000000000,00	2598868913	2605185232071962	Success 	20260618
0000000002800,00	SA0380000612608010441111          	w4                                                                                                                                          	RJHI                                                                                                                                        	Payroll                                                                                                                                     	      	0000002800,00	0000000000,00	0000000000,00	0000000000,00	2355946167	2605185232071963	Success 	20260618
0000000001000,00	SA5680000487608010536326          	w5                                                                                                                                          	RJHI                                                                                                                                        	Payroll                                                                                                                                     	      	0000001000,00	0000000000,00	0000000000,00	0000000000,00	2470942059	2605185232071964	Success 	20260618
0000000001000,00	SA0480000612608016100364          	w9                                                                                                                                          	RJHI                                                                                                                                        	Payroll                                                                                                                                     	      	0000001000,00	0000000000,00	0000000000,00	0000000000,00	2425254550	2605185232071968	Success 	20260618
0000000001600,00	SA4680000612608010001121          	w2                                                                                                                                          	RJHI                                                                                                                                        	Payroll                                                                                                                                     	      	0000001600,00	0000000000,00	0000000000,00	0000000000,00	2598866420	2605185232071961	Success 	20260618
0000000001000,00	SA7680000612608016100232          	w10                                                                                                                                         	RJHI                                                                                                                                        	Payroll                                                                                                                                     	      	0000001000,00	0000000000,00	0000000000,00	0000000000,00	2521954574	2605185232071969	Success 	20260618
-
RYoLGoAEREhk2Fyimjd4AvkqHPQyiIj5lGJBlDhkdOZuAxfnJjOmpvoR8wxl23DUyQZB/j0HZ1lpf1P9JP/u8/53lDcxTwx2Se58+zqCX8xus1x/2H4RzilugpAsrNtak91hYpmcgX3ou0oFuoUWx3iURZB0cGUHkXMilSEVKIAJUi+C13xnn9WjpKBs+sQ9oIgstXfU0KihS+/RVYPg7jOeUqTyXQtoi5e0fjHQzgjiqdrobCXr726Vk26CRR6thEd+vh63Swo5C8hyV9aOInjC5wJ3wo7BlzkgJNYPbMLePpUL2ppKHbtWPtMwVKWMvoMRmu7DIgPgkWU5OlcTUg==